0.1675343
0.2121558
0.4718322
0.2676856
0.6042244
0.6972654
1.885048
1.618426
0.470822
0.4725848
0.05975104
1.745953
0.3746956
1.167598
0.6550492
0.2334395
0.1484642
0.3366625
0.3333804
1.206136
0.6348571
1.003798
1.591868
0.3655226
0.8282792
1.139364
0.2852865
1.099494
1.336301
2.023518
0.9197935
0.427962
1.863199
0.3804365
0.9246052
0.4100443
1.322498
0.5104201
0.1439134
0.5473034
0.6994049
2.744546
0.9672602
0.7780346
0.3326592
1.809361
2.966462
0.1298577
1.559162
0.5382901
1.512008
1.887161
0.7488121
0.8460932
0.9594676
0.7841383
0.8212034
1.382704
1.119007
1.051592
2.782961
1.092855
0.8765302
1.410204
1.291339
1.049576
0.359931
0.4800102
1.295569
0.1932064
1.274733
1.666711
1.298538
1.922453
0.6475789
0.828199
0.5396668
0.2716284
0.4018842
0.1355453
1.499279
1.116345
1.006774
1.547903
0.1152966
1.257659
0.4068808
0.8185065
0.1181523
1.603049
0.08235284
2.463505
0.2813348
0.6016207
0.7639603
0.1214674
1.312765
1.01585
0.4737172
2.569056
2.312294
0.229925
0.9468792
0.4394214
0.962682
1.325748
1.749473
0.2803158
0.7627999
0.3870359
0.3341987
1.440414
0.5269817
0.8258902
0.3913051
1.093934
0.2878983
0.3575642
0.130969
0.3116685
0.7711307
0.579307
0.3071496
0.5648342
0.7125647
0.4029572
0.5845438
1.154865
0.8846018
0.4305832
0.9546318
1.571742
0.4650029
1.11246
0.4194143
0.1253221
0.6745549
0.1035161
0.1662249
0.6484635
1.3564
0.6925515
0.3979435
0.8454938
0.1150512
0.7695942
1.137269
1.131237
0.687386
3.368936
0.2342388
0.819912
0.9600047
0.271052
0.4792243
1.87744
0.2865787
0.6873379
0.6168233
0.2854631
0.6286849
0.7956079
0.2026644
0.2979636
0.7826152
1.457639
1.314342
1.546646
1.50653
0.2393085
0.2594635
0.8488018
0.2584258
0.6487377
0.1830489
1.418178
1.44518
0.5399164
0.1429125
1.96444
0.01708181
0.2574579
0.9322634
1.256858
0.9054716
0.08515279
0.9183465
0.501869
0.4334394
0.4437627
0.146349
0.4045946
1.730809
0.4623455
0.1621884
0.4639697
1.382959
1.001948
0.07116683
1.813721
0.6192279
0.4313802
1.10531
1.19847
0.6610434
2.199283
1.526999
1.44524
0.1615107
0.2829625
1.681073
0.4450675
0.6752584
0.9391608
1.205959
2.361425
0.4611127
1.865546
0.5809767
1.299478
0.2623687
1.004587
0.1037993
1.362349
0.8000632
1.260923
0.5285573
1.856389
0.3276315
1.661383
0.5382768
0.7588485
1.485682
0.3650206
0.3019781
1.285639
0.2978539
0.7564227
2.583159
1.088174
1.127762
0.5489161
1.600927
4.307936
0.5435829
0.3412968
0.9707454
1.571523
0.02619938
0.2350004
2.085958
1.143847
0.1427421
1.253571
2.035394
1.193224
0.4718885
2.117649
0.8531512
0.5972562
1.69891
1.267927
1.726041
0.4020147
0.8946639
0.5980564
0.8779296
0.4195024
1.367729
1.000669
1.270497
1.416104
0.7795679
0.6533155
1.418221
0.16988
0.1573815
1.244005
0.3105826
0.2320305
0.7909497
0.3109272
1.594576
1.046687
0.3725005
0.2743867
0.1409664
0.1912035
1.429508
0.0524555
0.1971471
1.529684
0.9204588
0.7958216
0.6378913
0.3518773
0.8953852
0.5596598
2.106717
1.162515
1.335624
0.7484376
0.8644508
1.873543
1.046499
1.739907
0.3417517
1.303232
0.9954046
0.4831889
0.3218768
1.52189
0.06160104
0.4358614
0.4783425
0.3834244
2.194218
0.5630985
0.5905633
0.9319487
1.186763
0.9524904
0.9359871
1.595521
1.80922
1.299642
3.385274
0.2624709
0.3296937
0.6224107
0.2073523
0.8877648
2.368764
0.4830489
0.1052605
2.719548
0.6237449
0.6971873
1.311779
0.1845906
1.771936
1.405838
0.1282528
0.2468363
0.6636784
0.5750427
1.232187
0.7191038
0.8841498
1.139656
0.6904086
1.072188
0.4535306
0.3770525
0.6696047
0.4472036
1.080616
1.434797
0.411652
0.2183936
0.8727624
0.9376962
0.4812048
0.1448
0.6776461
3.13113
0.562698
0.7245014
0.358969
0.1875379
0.9319158
0.2844226
0.4111792
1.705053
2.75164
1.000289
1.666108
0.8455788
0.09566723
0.7264883
2.58866
0.01614349
1.058371
0.7025526
0.8258972
0.2488348
0.847041
0.6094175
0.7170917
0.4017
1.04544
0.9321212
2.588917
0.6754502
1.709474
0.9596538
0.186015
0.7971392
1.162424
0.5039685
0.2953709
2.040318
0.519883
1.167932
0.2453313
0.5773819
1.797308
0.2663123
0.9457922
0.08465397
1.695716
1.674791
0.525911
1.982414
0.1857961
1.467927
0.186465
0.414007
1.053723
0.467359
1.419768
0.5729584
0.2076059
1.206856
0.3725939
0.6738338
1.022753
0.7943871
0.7290815
1.112589
0.518255
0.246447
1.863962
0.5883144
1.593909
0.6168048
0.7194923
0.2130136
1.508707
0.8106353
0.1797332
1.527
1.192662
0.3215946
0.9624557
1.576934
0.5447552
0.6044159
1.373227
0.2338016
0.8518806
0.5540644
1.968369
0.1397568
0.4893341
0.5352271
1.095378
1.433943
0.3822983
1.699164
1.102556
1.138258
0.05698471
0.7457257
0.3428278
1.318275
0.29915
0.1355412
2.08957
0.317464
0.5559243
0.1042506
1.206105
0.2427658
0.3731151
0.6624181
0.4564102
1.34391
0.2524397
0.6043302
1.370679
1.104227
0.2873022
1.297939
0.2397162
0.6165288
1.360838
1.150025
0.8962246
1.012573
0.8854138
0.04757065
0.7512507
0.4248357
1.414257
2.077638
0.5622355
1.458873
0.4434134
1.51714
